tensor([[-0.0309, -0.0070, -0.0230],
        [-0.0473, -0.0108, -0.0353],
        [ 0.0694,  0.0158,  0.0517],
        [-0.0537, -0.0122, -0.0400],
        [ 0.0066,  0.0015,  0.0049],
        [ 0.0029,  0.0006,  0.0021]])
tensor([[ 0.0302, -0.0079,  0.0046,  0.0103,  0.0058, -0.0127],
        [ 0.1694, -0.0444,  0.0255,  0.0575,  0.0325, -0.0709],
        [ 0.0656, -0.0172,  0.0099,  0.0223,  0.0126, -0.0275],
        [-0.0855,  0.0224, -0.0129, -0.0290, -0.0164,  0.0358],
        [-0.1355,  0.0355, -0.0204, -0.0460, -0.0260,  0.0567],
        [-0.1023,  0.0268, -0.0154, -0.0347, -0.0196,  0.0428],
        [-0.0276,  0.0072, -0.0042, -0.0094, -0.0053,  0.0116],
        [-0.0808,  0.0212, -0.0122, -0.0274, -0.0155,  0.0338],
        [-0.0131,  0.0034, -0.0020, -0.0045, -0.0025,  0.0055],
        [ 0.0129, -0.0034,  0.0019,  0.0044,  0.0025, -0.0054]])
tensor([[-0.2687,  0.1164, -0.0346, -0.2009, -0.1892, -0.0212,  0.0489, -0.0382,
          0.0488, -0.1821],
        [ 0.2687, -0.1164,  0.0346,  0.2009,  0.1892,  0.0212, -0.0489,  0.0382,
         -0.0488,  0.1821]])
