Net(
  (conv1): Conv2d(1, 10, kernel_size=(5, 5), stride=(1, 1))
  (conv2): Conv2d(10, 20, kernel_size=(5, 5), stride=(1, 1))
  (pooling): MaxPool2d(kernel_size=2, stride=2, padding=0, dilation=1, ceil_mode=False)
  (fc): Linear(in_features=320, out_features=10, bias=True)
)
conv1.weight
torch.Size([10, 1, 5, 5])
Parameter containing:
tensor([[[[-1.8841e-01, -3.9241e-02, -9.6062e-02, -5.3343e-02, -1.7668e-01],
          [ 8.0258e-02, -1.7928e-01, -1.2744e-02,  6.9522e-02, -6.7415e-02],
          [ 1.1348e-01,  2.5225e-02,  1.0994e-01,  1.2832e-01, -8.8289e-02],
          [ 7.2684e-02, -8.6530e-02,  6.2692e-02, -1.0450e-01,  9.2514e-02],
          [ 4.0489e-02, -7.8269e-02, -9.8099e-02,  5.1745e-02,  1.8660e-01]]],


        [[[ 9.5980e-02, -1.9313e-02, -9.7077e-03,  1.1368e-01, -1.3900e-01],
          [ 6.6490e-02, -6.6271e-02,  1.1572e-01, -7.1344e-02,  9.8895e-03],
          [ 6.7536e-02,  1.3745e-01, -2.9397e-02,  1.8246e-01, -1.6921e-01],
          [-3.5676e-02, -1.9944e-01,  1.6568e-02,  5.6756e-02, -8.0961e-02],
          [ 8.3065e-02, -3.2422e-02, -1.7380e-01,  1.5355e-01,  1.2331e-01]]],


        [[[ 1.0112e-01,  1.5953e-01,  7.3544e-02,  1.0634e-01,  1.6597e-01],
          [-4.0297e-02, -1.5598e-01, -9.8358e-02, -2.6698e-02, -2.1977e-02],
          [-1.3555e-03,  1.1461e-01,  6.4158e-02, -1.4788e-01, -6.0081e-02],
          [-4.7050e-02,  1.2172e-01, -7.2556e-02, -8.3677e-02, -3.2156e-02],
          [-5.0874e-02, -4.9243e-02, -1.9569e-01,  1.7820e-01,  1.0644e-01]]],


        [[[-9.4637e-02, -1.2479e-01,  6.9579e-03,  1.1395e-01, -1.4353e-01],
          [-7.5536e-02,  8.3655e-02, -1.2900e-01, -2.2270e-02, -1.5082e-01],
          [ 1.8550e-01,  1.0781e-01, -1.8486e-01, -1.1042e-01,  7.0896e-02],
          [ 1.0961e-02,  5.3002e-02, -1.6362e-01, -1.0709e-01,  9.0747e-02],
          [-1.5250e-01, -4.1951e-02,  8.7951e-02,  1.0380e-01,  1.2435e-02]]],


        [[[ 5.7978e-02,  8.8968e-02, -2.3365e-02, -5.4646e-02,  1.5273e-01],
          [ 1.9496e-01,  9.2640e-02, -8.7427e-02, -1.7397e-01, -1.9740e-01],
          [ 1.3836e-03, -7.6736e-02, -5.0329e-02, -2.8125e-02,  1.8914e-01],
          [ 1.8958e-01, -1.8699e-02, -6.0056e-02,  9.7127e-02, -1.5959e-02],
          [-1.9030e-01,  6.5194e-02,  1.9147e-01, -1.5853e-01, -4.3195e-02]]],


        [[[ 4.3373e-02, -1.6286e-01, -1.7123e-01,  1.4931e-01, -7.0819e-02],
          [ 1.1667e-01,  1.7880e-02,  4.8797e-02, -1.3329e-01, -4.2715e-02],
          [ 1.3193e-01,  9.1733e-02, -5.7825e-02,  2.4604e-02,  1.5312e-01],
          [-1.7524e-01,  1.2847e-01, -6.0108e-02, -4.0687e-02,  9.5172e-02],
          [-1.6615e-01, -3.0214e-02,  1.9112e-01,  7.1982e-02, -7.3954e-02]]],


        [[[-4.3564e-02,  1.5772e-01,  7.5562e-02,  1.3557e-01, -1.2879e-01],
          [ 5.7661e-02,  3.5752e-02,  3.4863e-02,  1.8571e-01,  1.1071e-01],
          [ 1.3786e-01,  8.7818e-02,  8.4057e-02, -3.4788e-02, -1.7652e-01],
          [-1.6895e-01, -1.2457e-01, -1.2949e-01,  9.4151e-02,  6.1913e-02],
          [-5.7028e-02, -1.5235e-01,  1.9689e-01,  1.5029e-01,  9.5116e-02]]],


        [[[ 1.9797e-01, -1.0648e-01, -1.1390e-01, -1.1707e-01, -9.6828e-03],
          [-1.7655e-01,  1.5833e-01,  5.1449e-03,  9.9599e-02, -1.0983e-01],
          [-2.0604e-02,  2.6305e-02, -5.4741e-02,  1.8878e-01, -9.1375e-02],
          [ 6.2099e-02, -1.3570e-01, -2.3673e-02, -5.3060e-02,  8.6292e-02],
          [ 1.3971e-01,  4.8642e-02, -1.8159e-02, -5.1214e-02,  1.5681e-01]]],


        [[[-4.7258e-02,  1.4438e-01, -8.8986e-02,  1.6483e-01,  1.9920e-01],
          [ 1.3710e-01,  1.1471e-01,  7.4440e-02, -9.8339e-02,  2.3870e-03],
          [ 6.8866e-02, -5.2260e-02,  3.5854e-02,  1.1714e-01, -1.8531e-01],
          [-1.8204e-01, -1.1967e-01,  2.4397e-02, -3.7072e-02,  4.3098e-02],
          [-4.7560e-02, -1.3093e-01,  2.6554e-02,  1.3546e-01, -1.2009e-01]]],


        [[[ 1.7532e-01,  4.9223e-02,  1.9721e-01, -1.8332e-01, -1.9144e-01],
          [ 6.7853e-02, -1.8658e-01, -1.6390e-01,  1.0170e-01,  9.7086e-02],
          [-1.8224e-01,  1.4392e-01, -3.8889e-02,  1.4848e-01, -1.1737e-01],
          [-1.9017e-01, -1.3258e-01, -3.1006e-02, -1.9974e-01, -1.3627e-02],
          [-9.9817e-02, -4.6550e-02, -2.8443e-05,  1.1225e-02, -1.9564e-01]]]],
       requires_grad=True)
conv1.bias
torch.Size([10])
Parameter containing:
tensor([ 0.1029, -0.1226,  0.1219,  0.1833, -0.0667,  0.0224,  0.1103, -0.0158,
        -0.1673,  0.0898], requires_grad=True)
conv2.weight
torch.Size([20, 10, 5, 5])
Parameter containing:
tensor([[[[ 0.0301, -0.0346, -0.0426, -0.0110,  0.0124],
          [-0.0320, -0.0015, -0.0273, -0.0246, -0.0087],
          [-0.0241,  0.0486,  0.0166,  0.0566,  0.0571],
          [ 0.0103, -0.0263,  0.0385, -0.0022,  0.0468],
          [-0.0135,  0.0559,  0.0084, -0.0141, -0.0413]],

         [[ 0.0468,  0.0082,  0.0219,  0.0256, -0.0033],
          [-0.0318, -0.0189, -0.0028,  0.0393, -0.0046],
          [-0.0160, -0.0086,  0.0104,  0.0505,  0.0477],
          [-0.0037,  0.0084,  0.0574,  0.0278, -0.0067],
          [ 0.0375,  0.0288, -0.0170,  0.0256,  0.0050]],

         [[-0.0235, -0.0050,  0.0595,  0.0190, -0.0522],
          [ 0.0403,  0.0136,  0.0311,  0.0003,  0.0252],
          [ 0.0189,  0.0555,  0.0334, -0.0277,  0.0331],
          [-0.0038,  0.0418, -0.0222, -0.0186,  0.0585],
          [ 0.0111,  0.0089,  0.0065,  0.0041,  0.0027]],

         ...,

         [[-0.0132,  0.0606, -0.0209,  0.0292,  0.0271],
          [ 0.0122, -0.0536, -0.0410, -0.0505, -0.0623],
          [-0.0176,  0.0074, -0.0554, -0.0573,  0.0032],
          [-0.0235,  0.0117,  0.0131,  0.0629, -0.0023],
          [-0.0512, -0.0418, -0.0583, -0.0116,  0.0072]],

         [[ 0.0209,  0.0121,  0.0145,  0.0087, -0.0056],
          [-0.0284,  0.0149,  0.0083, -0.0178,  0.0461],
          [-0.0616,  0.0186, -0.0357,  0.0335,  0.0495],
          [ 0.0448,  0.0243, -0.0302, -0.0139, -0.0177],
          [ 0.0077, -0.0307,  0.0308,  0.0368, -0.0256]],

         [[-0.0182, -0.0444, -0.0351, -0.0311,  0.0441],
          [-0.0540,  0.0189,  0.0567, -0.0420, -0.0558],
          [ 0.0343,  0.0387,  0.0265,  0.0498,  0.0400],
          [-0.0098,  0.0468, -0.0318,  0.0271, -0.0381],
          [ 0.0142,  0.0342,  0.0237,  0.0344, -0.0096]]],


        [[[ 0.0217,  0.0081,  0.0526,  0.0368, -0.0459],
          [ 0.0248,  0.0337,  0.0174, -0.0320,  0.0616],
          [-0.0443, -0.0514,  0.0205,  0.0267,  0.0048],
          [ 0.0024,  0.0265,  0.0448, -0.0306,  0.0198],
          [-0.0233, -0.0327, -0.0328, -0.0471,  0.0534]],

         [[-0.0214, -0.0178, -0.0015, -0.0412,  0.0410],
          [-0.0197,  0.0336,  0.0184, -0.0628, -0.0582],
          [-0.0616,  0.0568,  0.0577,  0.0216, -0.0263],
          [ 0.0208, -0.0478,  0.0103, -0.0086,  0.0433],
          [ 0.0040, -0.0003, -0.0056,  0.0607, -0.0442]],

         [[ 0.0287, -0.0569,  0.0116, -0.0530,  0.0307],
          [ 0.0566, -0.0303,  0.0567, -0.0566,  0.0302],
          [ 0.0108, -0.0145, -0.0087,  0.0253, -0.0115],
          [-0.0612, -0.0228,  0.0536, -0.0545, -0.0213],
          [ 0.0261,  0.0462, -0.0476, -0.0438,  0.0382]],

         ...,

         [[ 0.0263, -0.0452,  0.0526, -0.0088,  0.0062],
          [-0.0599,  0.0039, -0.0386,  0.0356, -0.0601],
          [ 0.0570, -0.0148, -0.0216, -0.0004, -0.0517],
          [ 0.0204,  0.0516, -0.0266, -0.0205, -0.0527],
          [ 0.0154,  0.0466,  0.0515,  0.0203,  0.0284]],

         [[-0.0464, -0.0254,  0.0617,  0.0009,  0.0257],
          [-0.0469, -0.0522,  0.0499, -0.0281, -0.0342],
          [-0.0027, -0.0046,  0.0276,  0.0395,  0.0561],
          [-0.0187, -0.0164, -0.0496, -0.0321, -0.0118],
          [-0.0324,  0.0016, -0.0136,  0.0364, -0.0552]],

         [[-0.0013, -0.0239,  0.0043, -0.0342, -0.0623],
          [-0.0015,  0.0057,  0.0549, -0.0431, -0.0094],
          [ 0.0512,  0.0609,  0.0097, -0.0308,  0.0373],
          [-0.0458, -0.0530,  0.0054, -0.0369,  0.0202],
          [-0.0274, -0.0457, -0.0231, -0.0412, -0.0445]]],


        [[[ 0.0333, -0.0063, -0.0271, -0.0620,  0.0484],
          [-0.0374,  0.0515, -0.0537, -0.0291,  0.0608],
          [ 0.0265, -0.0406, -0.0415, -0.0319,  0.0242],
          [ 0.0330, -0.0235, -0.0531, -0.0423,  0.0394],
          [ 0.0110,  0.0259,  0.0326, -0.0407, -0.0477]],

         [[-0.0451,  0.0622,  0.0019,  0.0036, -0.0617],
          [ 0.0104, -0.0588, -0.0414,  0.0040, -0.0564],
          [ 0.0283,  0.0449, -0.0265,  0.0460,  0.0493],
          [-0.0584,  0.0032, -0.0168, -0.0098,  0.0356],
          [-0.0324, -0.0420,  0.0072,  0.0132, -0.0341]],

         [[-0.0277, -0.0569,  0.0358, -0.0323,  0.0305],
          [-0.0524, -0.0423, -0.0021,  0.0629, -0.0082],
          [-0.0061, -0.0139,  0.0091, -0.0195,  0.0489],
          [ 0.0065,  0.0325,  0.0021,  0.0475, -0.0400],
          [-0.0323, -0.0250, -0.0263,  0.0045,  0.0293]],

         ...,

         [[-0.0466,  0.0590, -0.0405, -0.0335, -0.0445],
          [-0.0229,  0.0503,  0.0232,  0.0047, -0.0624],
          [ 0.0256,  0.0592, -0.0010,  0.0430, -0.0204],
          [-0.0593, -0.0016,  0.0252, -0.0278,  0.0037],
          [ 0.0106,  0.0607, -0.0330, -0.0549, -0.0295]],

         [[ 0.0456, -0.0294, -0.0041, -0.0455, -0.0326],
          [-0.0543,  0.0189,  0.0427, -0.0084, -0.0046],
          [ 0.0162, -0.0093,  0.0053,  0.0260,  0.0487],
          [ 0.0323,  0.0155,  0.0542, -0.0564, -0.0416],
          [ 0.0514,  0.0588, -0.0295,  0.0497, -0.0073]],

         [[-0.0177, -0.0024, -0.0164,  0.0174,  0.0048],
          [-0.0003, -0.0266,  0.0384, -0.0392, -0.0009],
          [ 0.0417, -0.0337, -0.0422,  0.0168, -0.0523],
          [-0.0264,  0.0552,  0.0365,  0.0572, -0.0605],
          [-0.0595,  0.0157,  0.0224, -0.0367,  0.0228]]],


        ...,


        [[[-0.0409, -0.0059,  0.0607, -0.0102,  0.0117],
          [ 0.0254,  0.0556, -0.0066, -0.0540, -0.0554],
          [-0.0490,  0.0202,  0.0389,  0.0380, -0.0245],
          [-0.0032,  0.0145, -0.0222,  0.0064,  0.0158],
          [-0.0490,  0.0239, -0.0090, -0.0209, -0.0326]],

         [[-0.0388, -0.0522,  0.0316, -0.0039,  0.0460],
          [-0.0522, -0.0425,  0.0174, -0.0396,  0.0471],
          [ 0.0425, -0.0624,  0.0430, -0.0342,  0.0477],
          [ 0.0113,  0.0272,  0.0102,  0.0502,  0.0055],
          [-0.0497,  0.0628,  0.0076, -0.0207,  0.0139]],

         [[-0.0459,  0.0101,  0.0077, -0.0099,  0.0531],
          [-0.0189, -0.0035,  0.0219,  0.0354, -0.0269],
          [ 0.0532,  0.0066, -0.0566,  0.0265, -0.0389],
          [-0.0019,  0.0297, -0.0127,  0.0022,  0.0070],
          [ 0.0584, -0.0377,  0.0075, -0.0404,  0.0067]],

         ...,

         [[ 0.0596, -0.0401, -0.0305, -0.0558, -0.0204],
          [-0.0322,  0.0498, -0.0343, -0.0550, -0.0015],
          [-0.0504,  0.0510, -0.0137, -0.0410,  0.0044],
          [-0.0059,  0.0564, -0.0541,  0.0406, -0.0084],
          [-0.0469, -0.0558,  0.0141,  0.0198,  0.0482]],

         [[-0.0492, -0.0334,  0.0171,  0.0289, -0.0169],
          [-0.0153,  0.0371,  0.0420, -0.0557,  0.0196],
          [ 0.0171,  0.0459,  0.0062, -0.0065,  0.0401],
          [-0.0227, -0.0320, -0.0277,  0.0311,  0.0283],
          [-0.0308,  0.0460,  0.0170, -0.0138,  0.0455]],

         [[-0.0203, -0.0127,  0.0212, -0.0130,  0.0525],
          [ 0.0489, -0.0559, -0.0391,  0.0291,  0.0087],
          [ 0.0346,  0.0174, -0.0487, -0.0130, -0.0062],
          [-0.0299, -0.0203, -0.0173,  0.0229, -0.0594],
          [-0.0612,  0.0473, -0.0295,  0.0289,  0.0307]]],


        [[[-0.0333,  0.0543, -0.0336, -0.0049,  0.0167],
          [-0.0117,  0.0189, -0.0254,  0.0034,  0.0105],
          [ 0.0098,  0.0016,  0.0111,  0.0583,  0.0032],
          [-0.0632,  0.0116,  0.0149, -0.0469,  0.0548],
          [ 0.0237,  0.0301,  0.0281, -0.0244,  0.0165]],

         [[-0.0244,  0.0292,  0.0030, -0.0426,  0.0131],
          [-0.0238, -0.0528,  0.0089,  0.0321, -0.0586],
          [-0.0148,  0.0492,  0.0105,  0.0032,  0.0264],
          [-0.0507, -0.0503,  0.0266, -0.0159,  0.0537],
          [-0.0121, -0.0040, -0.0359,  0.0037, -0.0137]],

         [[-0.0541,  0.0205,  0.0552,  0.0561,  0.0296],
          [-0.0629,  0.0265, -0.0155,  0.0102,  0.0539],
          [-0.0032, -0.0034, -0.0455, -0.0521, -0.0301],
          [-0.0183, -0.0229,  0.0186, -0.0159, -0.0529],
          [ 0.0200, -0.0161,  0.0066,  0.0447, -0.0277]],

         ...,

         [[-0.0279, -0.0303, -0.0085,  0.0400,  0.0263],
          [ 0.0172,  0.0092, -0.0526, -0.0314, -0.0308],
          [-0.0562,  0.0176,  0.0164, -0.0619,  0.0163],
          [-0.0251, -0.0437, -0.0339, -0.0214,  0.0599],
          [-0.0577, -0.0004, -0.0518, -0.0171,  0.0266]],

         [[ 0.0471,  0.0369, -0.0461, -0.0061,  0.0142],
          [-0.0307,  0.0558,  0.0584, -0.0411, -0.0055],
          [-0.0047,  0.0341, -0.0060,  0.0624, -0.0143],
          [-0.0368, -0.0425,  0.0552, -0.0097,  0.0147],
          [-0.0417,  0.0477,  0.0315,  0.0336,  0.0202]],

         [[-0.0460, -0.0216,  0.0171, -0.0396, -0.0344],
          [ 0.0303, -0.0367,  0.0618, -0.0136,  0.0228],
          [ 0.0077, -0.0393,  0.0163, -0.0384, -0.0589],
          [ 0.0123, -0.0286, -0.0322, -0.0325, -0.0451],
          [-0.0035,  0.0309,  0.0179,  0.0179,  0.0630]]],


        [[[ 0.0044, -0.0520,  0.0564, -0.0411,  0.0253],
          [ 0.0389,  0.0505,  0.0392, -0.0467, -0.0305],
          [ 0.0356,  0.0589,  0.0127,  0.0230, -0.0458],
          [ 0.0381, -0.0340,  0.0582, -0.0590, -0.0463],
          [ 0.0117, -0.0005,  0.0236, -0.0520,  0.0168]],

         [[ 0.0450, -0.0349, -0.0143,  0.0531,  0.0506],
          [ 0.0570, -0.0051,  0.0590,  0.0199,  0.0132],
          [ 0.0568,  0.0627, -0.0194, -0.0177, -0.0474],
          [ 0.0516, -0.0242, -0.0176, -0.0294, -0.0334],
          [-0.0092,  0.0523, -0.0092, -0.0057, -0.0360]],

         [[-0.0445, -0.0128, -0.0435,  0.0618, -0.0332],
          [ 0.0410,  0.0413,  0.0022,  0.0139, -0.0065],
          [-0.0217, -0.0072,  0.0035, -0.0281, -0.0403],
          [-0.0450,  0.0513,  0.0304,  0.0018,  0.0068],
          [-0.0491, -0.0597, -0.0628, -0.0029,  0.0121]],

         ...,

         [[ 0.0414,  0.0184, -0.0217, -0.0159,  0.0598],
          [ 0.0124, -0.0470, -0.0135, -0.0509, -0.0018],
          [-0.0292,  0.0145,  0.0166, -0.0533,  0.0278],
          [ 0.0457, -0.0054, -0.0233,  0.0264,  0.0539],
          [-0.0084,  0.0517, -0.0061, -0.0309,  0.0366]],

         [[ 0.0412, -0.0531,  0.0137,  0.0286,  0.0038],
          [-0.0418,  0.0134, -0.0316,  0.0191, -0.0078],
          [-0.0126,  0.0003, -0.0048, -0.0620, -0.0128],
          [-0.0242, -0.0351, -0.0337, -0.0088,  0.0074],
          [-0.0405,  0.0587, -0.0168, -0.0112, -0.0138]],

         [[ 0.0274,  0.0150, -0.0405, -0.0169, -0.0545],
          [-0.0472, -0.0572, -0.0215, -0.0101,  0.0451],
          [-0.0116, -0.0238,  0.0232, -0.0398,  0.0072],
          [-0.0264, -0.0583,  0.0293, -0.0251, -0.0250],
          [-0.0080,  0.0455,  0.0098,  0.0316,  0.0324]]]], requires_grad=True)
conv2.bias
torch.Size([20])
Parameter containing:
tensor([ 0.0336, -0.0135, -0.0345, -0.0209, -0.0148,  0.0513,  0.0536,  0.0126,
         0.0003, -0.0331,  0.0122,  0.0007,  0.0137,  0.0010,  0.0121, -0.0392,
        -0.0262, -0.0536,  0.0281,  0.0511], requires_grad=True)
fc.weight
torch.Size([10, 320])
Parameter containing:
tensor([[ 0.0498, -0.0352,  0.0317,  ..., -0.0368,  0.0019,  0.0362],
        [-0.0364, -0.0409, -0.0447,  ..., -0.0083, -0.0550, -0.0042],
        [ 0.0537, -0.0038, -0.0117,  ...,  0.0387,  0.0190,  0.0218],
        ...,
        [ 0.0488, -0.0315,  0.0287,  ..., -0.0360, -0.0061, -0.0166],
        [-0.0090, -0.0525,  0.0220,  ...,  0.0341,  0.0022, -0.0223],
        [ 0.0269,  0.0416,  0.0305,  ..., -0.0226, -0.0188, -0.0014]],
       requires_grad=True)
fc.bias
torch.Size([10])
Parameter containing:
tensor([-0.0410,  0.0417, -0.0504,  0.0532,  0.0303,  0.0341,  0.0019,  0.0349,
        -0.0368,  0.0285], requires_grad=True)
